1 0.001 0.001 1_0.001_0.001
1 0.001 0.0032 1_0.001_0.0032
1 0.001 0.01 1_0.001_0.01
1 0.001 0.0316 1_0.001_0.0316
1 0.001 0.1 1_0.001_0.1
1 0.001 0.3162 1_0.001_0.3162
1 0.001 1.0 1_0.001_1.0
1 0.001 3.1623 1_0.001_3.1623
1 0.001 10.0 1_0.001_10.0
0 0.001 0 0_0.001_0
1 0.0032 0.001 1_0.0032_0.001
1 0.0032 0.0032 1_0.0032_0.0032
1 0.0032 0.01 1_0.0032_0.01
1 0.0032 0.0316 1_0.0032_0.0316
1 0.0032 0.1 1_0.0032_0.1
1 0.0032 0.3162 1_0.0032_0.3162
1 0.0032 1.0 1_0.0032_1.0
1 0.0032 3.1623 1_0.0032_3.1623
1 0.0032 10.0 1_0.0032_10.0
0 0.0032 0 0_0.0032_0
1 0.01 0.001 1_0.01_0.001
1 0.01 0.0032 1_0.01_0.0032
1 0.01 0.01 1_0.01_0.01
1 0.01 0.0316 1_0.01_0.0316
1 0.01 0.1 1_0.01_0.1
1 0.01 0.3162 1_0.01_0.3162
1 0.01 1.0 1_0.01_1.0
1 0.01 3.1623 1_0.01_3.1623
1 0.01 10.0 1_0.01_10.0
0 0.01 0 0_0.01_0
1 0.0316 0.001 1_0.0316_0.001
1 0.0316 0.0032 1_0.0316_0.0032
1 0.0316 0.01 1_0.0316_0.01
1 0.0316 0.0316 1_0.0316_0.0316
1 0.0316 0.1 1_0.0316_0.1
1 0.0316 0.3162 1_0.0316_0.3162
1 0.0316 1.0 1_0.0316_1.0
1 0.0316 3.1623 1_0.0316_3.1623
1 0.0316 10.0 1_0.0316_10.0
0 0.0316 0 0_0.0316_0
1 0.1 0.001 1_0.1_0.001
1 0.1 0.0032 1_0.1_0.0032
1 0.1 0.01 1_0.1_0.01
1 0.1 0.0316 1_0.1_0.0316
1 0.1 0.1 1_0.1_0.1
1 0.1 0.3162 1_0.1_0.3162
1 0.1 1.0 1_0.1_1.0
1 0.1 3.1623 1_0.1_3.1623
1 0.1 10.0 1_0.1_10.0
0 0.1 0 0_0.1_0
1 0.3162 0.001 1_0.3162_0.001
1 0.3162 0.0032 1_0.3162_0.0032
1 0.3162 0.01 1_0.3162_0.01
1 0.3162 0.0316 1_0.3162_0.0316
1 0.3162 0.1 1_0.3162_0.1
1 0.3162 0.3162 1_0.3162_0.3162
1 0.3162 1.0 1_0.3162_1.0
1 0.3162 3.1623 1_0.3162_3.1623
1 0.3162 10.0 1_0.3162_10.0
0 0.3162 0 0_0.3162_0
1 1.0 0.001 1_1.0_0.001
1 1.0 0.0032 1_1.0_0.0032
1 1.0 0.01 1_1.0_0.01
1 1.0 0.0316 1_1.0_0.0316
1 1.0 0.1 1_1.0_0.1
1 1.0 0.3162 1_1.0_0.3162
1 1.0 1.0 1_1.0_1.0
1 1.0 3.1623 1_1.0_3.1623
1 1.0 10.0 1_1.0_10.0
0 1.0 0 0_1.0_0
1 3.1623 0.001 1_3.1623_0.001
1 3.1623 0.0032 1_3.1623_0.0032
1 3.1623 0.01 1_3.1623_0.01
1 3.1623 0.0316 1_3.1623_0.0316
1 3.1623 0.1 1_3.1623_0.1
1 3.1623 0.3162 1_3.1623_0.3162
1 3.1623 1.0 1_3.1623_1.0
1 3.1623 3.1623 1_3.1623_3.1623
1 3.1623 10.0 1_3.1623_10.0
0 3.1623 0 0_3.1623_0
1 10.0 0.001 1_10.0_0.001
1 10.0 0.0032 1_10.0_0.0032
1 10.0 0.01 1_10.0_0.01
1 10.0 0.0316 1_10.0_0.0316
1 10.0 0.1 1_10.0_0.1
1 10.0 0.3162 1_10.0_0.3162
1 10.0 1.0 1_10.0_1.0
1 10.0 3.1623 1_10.0_3.1623
1 10.0 10.0 1_10.0_10.0
0 10.0 0 0_10.0_0
