
0.1 0.1 0 0.5
0.1 0.1 0 0.7
0.1 0.1 0 0.9
0.1 0.1 0 200
0.1 0.275 0 0.5
0.1 0.275 0 0.7
0.1 0.275 0 0.9
0.1 0.275 0 200
0.1 0.45 0 0.5
0.1 0.45 0 0.7
0.1 0.45 0 0.9
0.1 0.45 0 200
0.2 0.1 0 0.5
0.2 0.1 0 0.7
0.2 0.1 0 0.9
0.2 0.1 0 200
0.2 0.275 0 0.5
0.2 0.275 0 0.7
0.2 0.275 0 0.9
0.2 0.275 0 200
0.2 0.45 0 0.5
0.2 0.45 0 0.7
0.2 0.45 0 0.9
0.2 0.45 0 200
0.3 0.1 0 0.5
0.3 0.1 0 0.7
0.3 0.1 0 0.9
0.3 0.1 0 200
0.3 0.275 0 0.5
0.3 0.275 0 0.7
0.3 0.275 0 0.9
0.3 0.275 0 200
0.3 0.45 0 0.5
0.3 0.45 0 0.7
0.3 0.45 0 0.9
0.3 0.45 0 200
0.4 0.1 0 0.5
0.4 0.1 0 0.7
0.4 0.1 0 0.9
0.4 0.1 0 200
0.4 0.275 0 0.5
0.4 0.275 0 0.7
0.4 0.275 0 0.9
0.4 0.275 0 200
0.4 0.45 0 0.5
0.4 0.45 0 0.7
0.4 0.45 0 0.9
0.4 0.45 0 200
0.5 0.1 0 0.5
0.5 0.1 0 0.7
0.5 0.1 0 0.9
0.5 0.1 0 200
0.5 0.275 0 0.5
0.5 0.275 0 0.7
0.5 0.275 0 0.9
0.5 0.275 0 200
0.5 0.45 0 0.5
0.5 0.45 0 0.7
0.5 0.45 0 0.9
0.5 0.45 0 200
