
0.05 0.1 0
0.05 0.1 1
0.05 0.3 0
0.05 0.3 1
0.05 0.5 0
0.05 0.5 1
0.05 0.7 0
0.05 0.7 1
0.05 0.9 0
0.05 0.9 1
0.05 200 0
0.05 200 1
0.1 0.1 0
0.1 0.1 1
0.1 0.3 0
0.1 0.3 1
0.1 0.5 0
0.1 0.5 1
0.1 0.7 0
0.1 0.7 1
0.1 0.9 0
0.1 0.9 1
0.1 200 0
0.1 200 1
0.15 0.1 0
0.15 0.1 1
0.15 0.3 0
0.15 0.3 1
0.15 0.5 0
0.15 0.5 1
0.15 0.7 0
0.15 0.7 1
0.15 0.9 0
0.15 0.9 1
0.15 200 0
0.15 200 1
0.2 0.1 0
0.2 0.1 1
0.2 0.3 0
0.2 0.3 1
0.2 0.5 0
0.2 0.5 1
0.2 0.7 0
0.2 0.7 1
0.2 0.9 0
0.2 0.9 1
0.2 200 0
0.2 200 1
0.25 0.1 0
0.25 0.1 1
0.25 0.3 0
0.25 0.3 1
0.25 0.5 0
0.25 0.5 1
0.25 0.7 0
0.25 0.7 1
0.25 0.9 0
0.25 0.9 1
0.25 200 0
0.25 200 1
